22:51:03:720	“Daigassou.exe”(CLR v4.0.30319: DefaultDomain): 已加载“C:\Windows\Microsoft.Net\assembly\GAC_64\mscorlib\v4.0_4.0.0.0__b77a5c561934e089\mscorlib.dll”。已跳过加载符号。模块进行了优化，并且调试器选项“仅我的代码”已启用。
22:51:03:720	“Daigassou.exe”(CLR v4.0.30319: DefaultDomain): 已加载“G:\Vs-Projects\Daigassou\Daigassou\bin\Debug\Daigassou.exe”。已加载符号。
22:51:03:720	“Daigassou.exe”(CLR v4.0.30319: Daigassou.exe): 已加载“C:\Windows\Microsoft.Net\assembly\GAC_MSIL\System.Windows.Forms\v4.0_4.0.0.0__b77a5c561934e089\System.Windows.Forms.dll”。已跳过加载符号。模块进行了优化，并且调试器选项“仅我的代码”已启用。
22:51:03:720	“Daigassou.exe”(CLR v4.0.30319: Daigassou.exe): 已加载“C:\Windows\Microsoft.Net\assembly\GAC_MSIL\System\v4.0_4.0.0.0__b77a5c561934e089\System.dll”。已跳过加载符号。模块进行了优化，并且调试器选项“仅我的代码”已启用。
22:51:03:720	“Daigassou.exe”(CLR v4.0.30319: Daigassou.exe): 已加载“C:\Windows\Microsoft.Net\assembly\GAC_MSIL\System.Drawing\v4.0_4.0.0.0__b03f5f7f11d50a3a\System.Drawing.dll”。已跳过加载符号。模块进行了优化，并且调试器选项“仅我的代码”已启用。
22:51:03:720	“Daigassou.exe”(CLR v4.0.30319: Daigassou.exe): 已加载“SunnyUI”。已跳过加载符号。模块进行了优化，并且调试器选项“仅我的代码”已启用。
22:51:03:720	“Daigassou.exe”(CLR v4.0.30319: Daigassou.exe): 已加载“HotkeyManagement”。包含/排除设置已禁用符号加载。
22:51:03:971	“Daigassou.exe”(CLR v4.0.30319: Daigassou.exe): 已加载“E:\Program Files\Microsoft Visual Studio\18\Insiders\Common7\IDE\PrivateAssemblies\Runtime\Microsoft.VisualStudio.Debugger.Runtime.Desktop.dll”。已跳过加载符号。模块进行了优化，并且调试器选项“仅我的代码”已启用。
22:51:03:971	“Daigassou.exe”(CLR v4.0.30319: Daigassou.exe): 已加载“AutoUpdater.NET”。已跳过加载符号。模块进行了优化，并且调试器选项“仅我的代码”已启用。
22:51:03:971	“Daigassou.exe”(CLR v4.0.30319: Daigassou.exe): 已加载“C:\Windows\Microsoft.Net\assembly\GAC_MSIL\System.Configuration\v4.0_4.0.0.0__b03f5f7f11d50a3a\System.Configuration.dll”。已跳过加载符号。模块进行了优化，并且调试器选项“仅我的代码”已启用。
22:51:03:971	“Daigassou.exe”(CLR v4.0.30319: Daigassou.exe): 已加载“C:\Windows\Microsoft.Net\assembly\GAC_MSIL\System.Core\v4.0_4.0.0.0__b77a5c561934e089\System.Core.dll”。已跳过加载符号。模块进行了优化，并且调试器选项“仅我的代码”已启用。
22:51:03:971	“Daigassou.exe”(CLR v4.0.30319: Daigassou.exe): 已加载“C:\Windows\Microsoft.Net\assembly\GAC_MSIL\System.Xml\v4.0_4.0.0.0__b77a5c561934e089\System.Xml.dll”。已跳过加载符号。模块进行了优化，并且调试器选项“仅我的代码”已启用。
22:51:03:971	“Daigassou.exe”(CLR v4.0.30319: Daigassou.exe): 已加载“SunnyUI.Common”。已跳过加载符号。模块进行了优化，并且调试器选项“仅我的代码”已启用。
22:51:04:224	“Daigassou.exe”(CLR v4.0.30319: Daigassou.exe): 已加载“Melanchall.DryWetMidi”。已跳过加载符号。模块进行了优化，并且调试器选项“仅我的代码”已启用。
22:51:04:224	“Daigassou.exe”(CLR v4.0.30319: Daigassou.exe): 已加载“G:\Vs-Projects\Daigassou\Daigassou\bin\Debug\Machina.FFXIV.dll”。已跳过加载符号。模块进行了优化，并且调试器选项“仅我的代码”已启用。
22:51:04:224	“Daigassou.exe”(CLR v4.0.30319: Daigassou.exe): 已加载“C:\Windows\Microsoft.Net\assembly\GAC_MSIL\netstandard\v4.0_2.0.0.0__cc7b13ffcd2ddd51\netstandard.dll”。已跳过加载符号。模块进行了优化，并且调试器选项“仅我的代码”已启用。
22:51:04:224	“Daigassou.exe”(CLR v4.0.30319: Daigassou.exe): 已加载“Machina”。包含/排除设置已禁用符号加载。
22:51:04:482	“Daigassou.exe”(CLR v4.0.30319: Daigassou.exe): 已加载“C:\Windows\Microsoft.Net\assembly\GAC_MSIL\Accessibility\v4.0_4.0.0.0__b03f5f7f11d50a3a\Accessibility.dll”。包含/排除设置已禁用符号加载。
22:51:05:973	“Daigassou.exe”(CLR v4.0.30319: Daigassou.exe): 已加载“C:\Windows\Microsoft.Net\assembly\GAC_MSIL\mscorlib.resources\v4.0_4.0.0.0_zh-Hans_b77a5c561934e089\mscorlib.resources.dll”。模块已生成，不包含符号。
22:51:06:152	“Daigassou.exe”(CLR v4.0.30319: Daigassou.exe): 已加载“Newtonsoft.Json”。已跳过加载符号。模块进行了优化，并且调试器选项“仅我的代码”已启用。
22:51:06:152	“Daigassou.exe”(CLR v4.0.30319: Daigassou.exe): 已加载“System.Threading.Channels”。已跳过加载符号。模块进行了优化，并且调试器选项“仅我的代码”已启用。
22:51:06:152	“Daigassou.exe”(CLR v4.0.30319: Daigassou.exe): 已加载“System.Threading.Tasks.Extensions”。已跳过加载符号。模块进行了优化，并且调试器选项“仅我的代码”已启用。
22:51:06:219	localTransmitTime=2026-09-23T14:51:06.1086017Z
22:51:06:219	 localReceiveTime = 2026-09-23T14:51:06.1506368Z
22:51:06:219	 serverReceiveTime=2026-09-23T14:51:06.1280000
22:51:06:219	serverTransmitTime=2026-09-23T14:51:06.1280000
22:51:06:219	offset=3.2385ms
22:51:06:219	error=10ms
22:51:06:479	“Daigassou.exe”(CLR v4.0.30319: Daigassou.exe): 已加载“NHotkey”。已跳过加载符号。模块进行了优化，并且调试器选项“仅我的代码”已启用。
22:51:06:479	“Daigassou.exe”(CLR v4.0.30319: Daigassou.exe): 已加载“NHotkey.WindowsForms”。已跳过加载符号。模块进行了优化，并且调试器选项“仅我的代码”已启用。
22:51:06:479	“Daigassou.exe”(CLR v4.0.30319: Daigassou.exe): 已加载“C:\Windows\Microsoft.Net\assembly\GAC_MSIL\System.Numerics\v4.0_4.0.0.0__b77a5c561934e089\System.Numerics.dll”。已跳过加载符号。模块进行了优化，并且调试器选项“仅我的代码”已启用。
22:51:06:479	“Daigassou.exe”(CLR v4.0.30319: Daigassou.exe): 已加载“C:\Windows\Microsoft.Net\assembly\GAC_MSIL\System.Runtime.Serialization\v4.0_4.0.0.0__b77a5c561934e089\System.Runtime.Serialization.dll”。已跳过加载符号。模块进行了优化，并且调试器选项“仅我的代码”已启用。
22:51:06:479	“Daigassou.exe”(CLR v4.0.30319: Daigassou.exe): 已加载“C:\Windows\Microsoft.Net\assembly\GAC_64\System.Data\v4.0_4.0.0.0__b77a5c561934e089\System.Data.dll”。已跳过加载符号。模块进行了优化，并且调试器选项“仅我的代码”已启用。
22:51:06:479	“Daigassou.exe”(CLR v4.0.30319: Daigassou.exe): 已加载“C:\Windows\Microsoft.Net\assembly\GAC_MSIL\System.resources\v4.0_4.0.0.0_zh-Hans_b77a5c561934e089\System.resources.dll”。模块已生成，不包含符号。
22:51:08:469	线程 'T_Showing' (28516) 已退出，返回值为 0 (0x0)。
22:51:08:469	线程 'T_Floating' (1324) 已退出，返回值为 0 (0x0)。
22:51:15:216	DEBUG-MACHINA: DeucalionInjector: Successfully injected Deucalion dll into process id 32960.
22:51:15:216	DEBUG-MACHINA: DeucalionClient: Debug Channel 9000 Opcode Debug message: SERVER HELLO. VERSION: 1.5.0. HOOK STATUS: RECV ON. SEND ON. SEND_LOBBY ON. CREATE_TARGET ON.
22:51:15:216	DEBUG-MACHINA: DeucalionClient: Debug Channel Lobby Opcode Debug message: Packet filters set: 0b00010010
22:51:15:216	DEBUG-MACHINA: DeucalionClient: Debug Channel 9000 Opcode Debug message: CHANGED NICKNAME: FFXIV_ACT_Plugin (subscriber 0)
22:51:17:342	“Daigassou.exe”(CLR v4.0.30319: Daigassou.exe): 已加载“C:\Windows\Microsoft.Net\assembly\GAC_MSIL\System.ValueTuple\v4.0_4.0.0.0__cc7b13ffcd2ddd51\System.ValueTuple.dll”。已跳过加载符号。模块进行了优化，并且调试器选项“仅我的代码”已启用。
22:51:17:417	354	56
22:51:17:417	56 0 0 0 188 31 2 16 188 31 2 16 0 0 0 0 20 0 98 1 0 0 0 0 32 0 2 0 0 0 0 0 10 24 255 254 255 255 255 255 255 255 255 0 0 0 0 0 0 0 0 0 0 0 0 0 
22:51:17:477	线程 'T_Showing' (28100) 已退出，返回值为 0 (0x0)。
22:51:17:477	线程 'T_Floating' (16888) 已退出，返回值为 0 (0x0)。
22:51:17:724	354	56
22:51:17:724	56 0 0 0 188 31 2 16 188 31 2 16 0 0 0 0 20 0 98 1 0 0 0 0 32 0 2 0 0 0 0 0 10 255 255 255 255 255 255 255 255 255 255 0 0 0 0 0 0 0 0 0 0 0 0 0 
22:51:18:224	354	56
22:51:18:224	56 0 0 0 188 31 2 16 188 31 2 16 0 0 0 0 20 0 98 1 0 0 0 0 32 0 2 0 0 0 0 0 10 255 255 255 255 255 255 255 255 255 255 0 0 0 0 0 0 0 0 0 0 0 0 0 
22:51:18:719	354	56
22:51:18:719	56 0 0 0 188 31 2 16 188 31 2 16 0 0 0 0 20 0 98 1 0 0 0 0 32 0 2 0 0 0 0 0 10 255 255 255 255 255 255 255 255 255 255 0 0 0 0 0 0 0 0 0 0 0 0 0 
22:51:19:214	838	64
22:51:19:463	354	56
22:51:19:463	56 0 0 0 188 31 2 16 188 31 2 16 0 0 0 0 20 0 98 1 0 0 0 0 32 0 2 0 0 0 0 0 10 255 255 255 255 255 255 255 255 255 255 0 0 0 0 0 0 0 0 0 0 0 0 0 
22:51:19:972	354	56
22:51:19:972	56 0 0 0 188 31 2 16 188 31 2 16 0 0 0 0 20 0 98 1 0 0 0 0 32 0 2 0 0 0 0 0 10 255 255 255 255 255 255 255 255 255 255 0 0 0 0 0 0 0 0 0 0 0 0 0 
22:51:22:715	354	56
22:51:22:715	56 0 0 0 188 31 2 16 188 31 2 16 0 0 0 0 20 0 98 1 0 0 0 0 32 0 2 0 0 0 0 0 10 26 255 254 255 255 255 255 255 255 255 0 0 0 0 0 0 0 0 0 0 0 0 0 
22:51:23:214	354	56
22:51:23:214	56 0 0 0 188 31 2 16 188 31 2 16 0 0 0 0 20 0 98 1 0 0 0 0 32 0 2 0 0 0 0 0 10 255 255 255 255 255 255 255 255 255 255 0 0 0 0 0 0 0 0 0 0 0 0 0 
22:51:23:724	354	56
22:51:23:724	56 0 0 0 188 31 2 16 188 31 2 16 0 0 0 0 20 0 98 1 0 0 0 0 32 0 2 0 0 0 0 0 10 255 255 255 255 255 255 255 255 255 255 0 0 0 0 0 0 0 0 0 0 0 0 0 
22:51:24:223	354	56
22:51:24:223	56 0 0 0 188 31 2 16 188 31 2 16 0 0 0 0 20 0 98 1 0 0 0 0 32 0 2 0 0 0 0 0 10 255 255 255 255 255 255 255 255 255 255 0 0 0 0 0 0 0 0 0 0 0 0 0 
22:51:24:719	354	56
22:51:24:719	56 0 0 0 188 31 2 16 188 31 2 16 0 0 0 0 20 0 98 1 0 0 0 0 32 0 2 0 0 0 0 0 10 255 255 255 255 255 255 255 255 255 255 0 0 0 0 0 0 0 0 0 0 1 0 0 
22:51:25:219	354	56
22:51:25:219	56 0 0 0 188 31 2 16 188 31 2 16 0 0 0 0 20 0 98 1 0 0 0 0 32 0 2 0 0 0 0 0 10 255 255 255 255 255 255 255 255 255 255 0 0 0 0 0 0 0 0 0 0 0 0 0 
22:51:27:714	354	56
22:51:27:714	56 0 0 0 188 31 2 16 188 31 2 16 0 0 0 0 20 0 98 1 0 0 0 0 32 0 2 0 0 0 0 0 10 28 255 255 254 255 255 255 255 255 255 0 0 0 0 0 0 0 0 0 0 0 0 0 
22:51:28:474	354	56
22:51:28:474	56 0 0 0 188 31 2 16 188 31 2 16 0 0 0 0 20 0 98 1 0 0 0 0 32 0 2 0 0 0 0 0 10 255 255 255 255 255 255 255 255 255 255 0 0 0 0 0 0 0 0 0 0 0 0 0 
22:51:28:722	354	56
22:51:28:722	56 0 0 0 188 31 2 16 188 31 2 16 0 0 0 0 20 0 98 1 0 0 0 0 32 0 2 0 0 0 0 0 10 255 255 255 255 255 255 255 255 255 255 0 0 0 0 0 0 0 0 0 0 0 0 0 
22:51:29:228	838	64
22:51:29:475	354	56
22:51:29:475	56 0 0 0 188 31 2 16 188 31 2 16 0 0 0 0 20 0 98 1 0 0 0 0 32 0 2 0 0 0 0 0 10 255 255 255 255 255 255 255 255 255 255 0 0 0 0 0 0 0 0 0 0 1 0 0 
22:51:29:971	354	56
22:51:29:971	56 0 0 0 188 31 2 16 188 31 2 16 0 0 0 0 20 0 98 1 0 0 0 0 32 0 2 0 0 0 0 0 10 255 255 255 255 255 255 255 255 255 255 0 0 0 0 0 0 0 0 0 0 0 0 0 
22:51:30:217	354	56
22:51:30:217	56 0 0 0 188 31 2 16 188 31 2 16 0 0 0 0 20 0 98 1 0 0 0 0 32 0 2 0 0 0 0 0 10 255 255 255 255 255 255 255 255 255 255 0 0 0 0 0 0 0 0 0 0 0 0 0 
22:51:31:718	354	56
22:51:31:718	56 0 0 0 188 31 2 16 188 31 2 16 0 0 0 0 20 0 98 1 0 0 0 0 32 0 2 0 0 0 0 0 10 26 255 255 254 255 255 255 255 255 255 0 0 0 0 0 0 0 0 0 0 0 0 0 
22:51:32:215	354	56
22:51:32:215	56 0 0 0 188 31 2 16 188 31 2 16 0 0 0 0 20 0 98 1 0 0 0 0 32 0 2 0 0 0 0 0 10 255 255 255 255 255 255 255 255 255 255 0 0 0 0 0 0 0 0 0 0 0 0 0 
22:51:32:724	354	56
22:51:32:724	56 0 0 0 188 31 2 16 188 31 2 16 0 0 0 0 20 0 98 1 0 0 0 0 32 0 2 0 0 0 0 0 10 255 255 255 255 255 255 255 255 255 255 0 0 0 0 0 0 0 0 0 0 0 0 0 
22:51:33:216	354	56
22:51:33:216	56 0 0 0 188 31 2 16 188 31 2 16 0 0 0 0 20 0 98 1 0 0 0 0 32 0 2 0 0 0 0 0 10 255 255 255 255 255 255 255 255 255 255 0 0 0 0 0 0 0 0 0 0 0 0 0 
22:51:33:715	354	56
22:51:33:715	56 0 0 0 188 31 2 16 188 31 2 16 0 0 0 0 20 0 98 1 0 0 0 0 32 0 2 0 0 0 0 0 10 255 255 255 255 255 255 255 255 255 255 0 0 0 0 0 0 0 0 0 0 0 0 0 
22:51:34:227	354	56
22:51:34:227	56 0 0 0 188 31 2 16 188 31 2 16 0 0 0 0 20 0 98 1 0 0 0 0 32 0 2 0 0 0 0 0 10 255 255 255 255 255 255 255 255 255 255 0 0 0 0 0 0 0 0 0 0 0 0 0 
22:51:36:721	354	56
22:51:36:721	56 0 0 0 188 31 2 16 188 31 2 16 0 0 0 0 20 0 98 1 0 0 0 0 32 0 2 0 0 0 0 0 10 24 255 255 254 255 255 255 255 255 255 0 0 0 0 0 0 0 0 0 0 0 0 0 
22:51:37:216	354	56
22:51:37:216	56 0 0 0 188 31 2 16 188 31 2 16 0 0 0 0 20 0 98 1 0 0 0 0 32 0 2 0 0 0 0 0 10 255 255 255 255 255 255 255 255 255 255 0 0 0 0 0 0 0 0 0 0 0 0 0 
22:51:37:716	354	56
22:51:37:716	56 0 0 0 188 31 2 16 188 31 2 16 0 0 0 0 20 0 98 1 0 0 0 0 32 0 2 0 0 0 0 0 10 255 255 255 255 255 255 255 255 255 255 0 0 0 0 0 0 0 0 0 0 0 0 0 
22:51:38:225	354	56
22:51:38:225	56 0 0 0 188 31 2 16 188 31 2 16 0 0 0 0 20 0 98 1 0 0 0 0 32 0 2 0 0 0 0 0 10 255 255 255 255 255 255 255 255 255 255 0 0 0 0 0 0 0 0 0 0 0 0 0 
22:51:38:719	354	56
22:51:38:719	56 0 0 0 188 31 2 16 188 31 2 16 0 0 0 0 20 0 98 1 0 0 0 0 32 0 2 0 0 0 0 0 10 255 255 255 255 255 255 255 255 255 255 0 0 0 0 0 0 0 0 0 0 0 0 0 
22:51:39:466	354	56
22:51:39:466	56 0 0 0 188 31 2 16 188 31 2 16 0 0 0 0 20 0 98 1 0 0 0 0 32 0 2 0 0 0 0 0 10 255 255 255 255 255 255 255 255 255 255 0 0 0 0 0 0 0 0 0 0 0 0 0 
22:51:39:466	838	64
22:51:39:714	354	56
22:51:39:714	56 0 0 0 188 31 2 16 188 31 2 16 0 0 0 0 20 0 98 1 0 0 0 0 32 0 2 0 0 0 0 0 10 255 255 24 255 254 255 24 255 254 255 0 0 0 0 0 0 0 0 0 0 0 0 0 
22:51:40:225	354	56
22:51:40:225	56 0 0 0 188 31 2 16 188 31 2 16 0 0 0 0 20 0 98 1 0 0 0 0 32 0 2 0 0 0 0 0 10 24 254 255 24 255 254 255 24 254 255 0 0 0 0 0 0 0 0 0 0 0 0 0 
22:51:40:723	354	56
22:51:40:723	56 0 0 0 188 31 2 16 188 31 2 16 0 0 0 0 20 0 98 1 0 0 0 0 32 0 2 0 0 0 0 0 10 24 255 254 255 24 254 255 24 255 254 0 0 0 0 0 0 0 0 0 0 0 0 0 
22:51:41:220	354	56
22:51:41:220	56 0 0 0 188 31 2 16 188 31 2 16 0 0 0 0 20 0 98 1 0 0 0 0 32 0 2 0 0 0 0 0 10 255 24 255 254 24 255 254 255 24 254 0 0 0 0 0 0 0 0 0 0 0 0 0 
22:51:41:719	354	56
22:51:41:719	56 0 0 0 188 31 2 16 188 31 2 16 0 0 0 0 20 0 98 1 0 0 0 0 32 0 2 0 0 0 0 0 10 255 24 255 254 255 255 255 255 255 255 0 0 0 0 0 0 0 0 0 0 0 0 0 
22:51:42:217	354	56
22:51:42:217	56 0 0 0 188 31 2 16 188 31 2 16 0 0 0 0 20 0 98 1 0 0 0 0 32 0 2 0 0 0 0 0 10 255 255 255 255 255 255 255 255 255 255 0 0 0 0 0 0 0 0 0 0 0 0 0 
22:51:42:716	354	56
22:51:42:716	56 0 0 0 188 31 2 16 188 31 2 16 0 0 0 0 20 0 98 1 0 0 0 0 32 0 2 0 0 0 0 0 10 255 255 255 255 255 255 255 255 255 255 0 0 0 0 0 0 0 0 0 0 1 0 0 
22:51:43:227	354	56
22:51:43:227	56 0 0 0 188 31 2 16 188 31 2 16 0 0 0 0 20 0 98 1 0 0 0 0 32 0 2 0 0 0 0 0 10 255 255 255 255 255 255 255 255 255 255 0 0 0 0 0 0 0 0 0 0 0 0 0 
22:51:43:718	354	56
22:51:43:718	56 0 0 0 188 31 2 16 188 31 2 16 0 0 0 0 20 0 98 1 0 0 0 0 32 0 2 0 0 0 0 0 10 255 255 255 255 255 255 255 255 255 255 0 0 0 0 0 0 0 0 0 0 0 0 0 
22:51:44:217	354	56
22:51:44:217	56 0 0 0 188 31 2 16 188 31 2 16 0 0 0 0 20 0 98 1 0 0 0 0 32 0 2 0 0 0 0 0 10 255 255 255 255 255 255 255 255 255 255 0 0 0 0 0 0 0 0 0 0 0 0 0 
22:51:49:224	838	64
22:51:59:215	838	64
22:52:02:222	354	56
22:52:02:222	56 0 0 0 188 31 2 16 188 31 2 16 0 0 0 0 20 0 98 1 0 0 0 0 32 0 2 0 0 0 0 0 10 36 254 38 37 255 40 41 39 43 255 0 0 0 0 0 0 0 0 0 0 0 0 0 
22:52:02:721	354	56
22:52:02:721	56 0 0 0 188 31 2 16 188 31 2 16 0 0 0 0 20 0 98 1 0 0 0 0 32 0 2 0 0 0 0 0 10 254 255 42 255 254 24 25 26 255 27 0 0 0 0 0 0 0 0 0 0 0 0 0 
22:52:02:970	在60ms下
22:52:03:221	354	56
22:52:03:221	56 0 0 0 188 31 2 16 188 31 2 16 0 0 0 0 20 0 98 1 0 0 0 0 32 0 2 0 0 0 0 0 10 28 29 30 255 31 254 255 255 255 255 0 0 0 0 0 0 0 0 0 0 0 0 0 
22:52:03:715	354	56
22:52:03:715	56 0 0 0 188 31 2 16 188 31 2 16 0 0 0 0 20 0 98 1 0 0 0 0 32 0 2 0 0 0 0 0 10 255 255 255 255 255 255 255 255 255 255 0 0 0 0 0 0 0 0 0 0 0 0 0 
22:52:04:225	354	56
22:52:04:225	56 0 0 0 188 31 2 16 188 31 2 16 0 0 0 0 20 0 98 1 0 0 0 0 32 0 2 0 0 0 0 0 10 255 255 255 255 255 36 254 255 38 37 0 0 0 0 0 0 0 0 0 0 0 0 0 
22:52:04:717	354	56
22:52:04:717	56 0 0 0 188 31 2 16 188 31 2 16 0 0 0 0 20 0 98 1 0 0 0 0 32 0 2 0 0 0 0 0 10 40 41 255 39 43 254 255 255 42 254 0 0 0 0 0 0 0 0 0 0 0 0 0 
22:52:05:216	354	56
22:52:05:216	56 0 0 0 188 31 2 16 188 31 2 16 0 0 0 0 20 0 98 1 0 0 0 0 32 0 2 0 0 0 0 0 10 24 25 255 26 27 28 29 255 30 31 0 0 0 0 0 0 0 0 0 0 0 0 0 
22:52:05:216	在59ms下
22:52:05:714	354	56
22:52:05:714	56 0 0 0 188 31 2 16 188 31 2 16 0 0 0 0 20 0 98 1 0 0 0 0 32 0 2 0 0 0 0 0 10 254 255 255 255 255 255 255 255 255 255 0 0 0 0 0 0 0 0 0 0 0 0 0 
22:52:06:215	354	56
22:52:06:215	56 0 0 0 188 31 2 16 188 31 2 16 0 0 0 0 20 0 98 1 0 0 0 0 32 0 2 0 0 0 0 0 10 255 255 255 255 255 255 255 255 255 255 0 0 0 0 0 0 0 0 0 0 0 0 0 
22:52:06:725	354	56
22:52:06:725	56 0 0 0 188 31 2 16 188 31 2 16 0 0 0 0 20 0 98 1 0 0 0 0 32 0 2 0 0 0 0 0 10 36 255 254 38 37 40 41 255 39 43 0 0 0 0 0 0 0 0 0 0 0 0 0 
22:52:07:225	354	56
22:52:07:225	56 0 0 0 188 31 2 16 188 31 2 16 0 0 0 0 20 0 98 1 0 0 0 0 32 0 2 0 0 0 0 0 10 254 255 255 42 254 24 25 255 26 27 0 0 0 0 0 0 0 0 0 0 1 0 0 
22:52:07:473	在58ms下
22:52:07:721	354	56
22:52:07:721	56 0 0 0 188 31 2 16 188 31 2 16 0 0 0 0 20 0 98 1 0 0 0 0 32 0 2 0 0 0 0 0 10 28 29 255 30 31 254 255 255 255 255 0 0 0 0 0 0 0 0 0 0 0 0 0 
22:52:08:216	354	56
22:52:08:216	56 0 0 0 188 31 2 16 188 31 2 16 0 0 0 0 20 0 98 1 0 0 0 0 32 0 2 0 0 0 0 0 10 255 255 255 255 255 255 255 255 255 255 0 0 0 0 0 0 0 0 0 0 0 0 0 
22:52:08:727	354	56
22:52:08:727	56 0 0 0 188 31 2 16 188 31 2 16 0 0 0 0 20 0 98 1 0 0 0 0 32 0 2 0 0 0 0 0 10 255 255 255 255 255 36 255 254 38 37 0 0 0 0 0 0 0 0 0 0 0 0 0 
22:52:09:221	838	64
22:52:09:469	354	56
22:52:09:469	56 0 0 0 188 31 2 16 188 31 2 16 0 0 0 0 20 0 98 1 0 0 0 0 32 0 2 0 0 0 0 0 10 40 255 41 39 43 255 254 255 42 254 0 0 0 0 0 0 0 0 0 0 0 0 0 
22:52:09:718	在57ms下
22:52:09:968	354	56
22:52:09:968	56 0 0 0 188 31 2 16 188 31 2 16 0 0 0 0 20 0 98 1 0 0 0 0 32 0 2 0 0 0 0 0 10 24 255 25 26 27 28 255 29 30 31 0 0 0 0 0 0 0 0 0 0 0 0 0 
22:52:10:213	354	56
22:52:10:213	56 0 0 0 188 31 2 16 188 31 2 16 0 0 0 0 20 0 98 1 0 0 0 0 32 0 2 0 0 0 0 0 10 254 255 255 255 255 255 255 255 255 255 0 0 0 0 0 0 0 0 0 0 0 0 0 
22:52:10:724	354	56
22:52:10:724	56 0 0 0 188 31 2 16 188 31 2 16 0 0 0 0 20 0 98 1 0 0 0 0 32 0 2 0 0 0 0 0 10 255 255 255 255 255 255 255 255 255 255 0 0 0 0 0 0 0 0 0 0 0 0 0 
22:52:11:222	354	56
22:52:11:222	56 0 0 0 188 31 2 16 188 31 2 16 0 0 0 0 20 0 98 1 0 0 0 0 32 0 2 0 0 0 0 0 10 255 36 254 38 37 40 255 41 39 43 0 0 0 0 0 0 0 0 0 0 0 0 0 
22:52:11:722	354	56
22:52:11:722	56 0 0 0 188 31 2 16 188 31 2 16 0 0 0 0 20 0 98 1 0 0 0 0 32 0 2 0 0 0 0 0 10 254 255 255 42 254 24 255 25 26 27 0 0 0 0 0 0 0 0 0 0 0 0 0 
22:52:11:971	在56ms下
22:52:12:471	354	56
22:52:12:471	56 0 0 0 188 31 2 16 188 31 2 16 0 0 0 0 20 0 98 1 0 0 0 0 32 0 2 0 0 0 0 0 10 28 255 29 30 31 254 255 255 255 255 0 0 0 0 0 0 0 0 0 0 0 0 0 
22:52:12:719	354	56
22:52:12:719	56 0 0 0 188 31 2 16 188 31 2 16 0 0 0 0 20 0 98 1 0 0 0 0 32 0 2 0 0 0 0 0 10 255 255 255 255 255 255 255 255 255 255 0 0 0 0 0 0 0 0 0 0 0 0 0 
22:52:13:216	354	56
22:52:13:216	56 0 0 0 188 31 2 16 188 31 2 16 0 0 0 0 20 0 98 1 0 0 0 0 32 0 2 0 0 0 0 0 10 255 255 255 255 255 255 36 254 38 37 0 0 0 0 0 0 0 0 0 0 0 0 0 
22:52:13:715	354	56
22:52:13:715	56 0 0 0 188 31 2 16 188 31 2 16 0 0 0 0 20 0 98 1 0 0 0 0 32 0 2 0 0 0 0 0 10 255 40 41 39 43 255 254 255 42 254 0 0 0 0 0 0 0 0 0 0 0 0 0 
22:52:14:215	354	56
22:52:14:215	56 0 0 0 188 31 2 16 188 31 2 16 0 0 0 0 20 0 98 1 0 0 0 0 32 0 2 0 0 0 0 0 10 255 24 25 26 27 255 28 29 30 31 0 0 0 0 0 0 0 0 0 0 0 0 0 
22:52:14:215	在55ms下
22:52:14:713	354	56
22:52:14:713	56 0 0 0 188 31 2 16 188 31 2 16 0 0 0 0 20 0 98 1 0 0 0 0 32 0 2 0 0 0 0 0 10 255 254 255 255 255 255 255 255 255 255 0 0 0 0 0 0 0 0 0 0 0 0 0 
22:52:15:222	354	56
22:52:15:222	56 0 0 0 188 31 2 16 188 31 2 16 0 0 0 0 20 0 98 1 0 0 0 0 32 0 2 0 0 0 0 0 10 255 255 255 255 255 255 255 255 255 255 0 0 0 0 0 0 0 0 0 0 0 0 0 
22:52:15:717	354	56
22:52:15:717	56 0 0 0 188 31 2 16 188 31 2 16 0 0 0 0 20 0 98 1 0 0 0 0 32 0 2 0 0 0 0 0 10 255 36 254 38 37 255 40 41 39 43 0 0 0 0 0 0 0 0 0 0 0 0 0 
22:52:16:214	354	56
22:52:16:214	56 0 0 0 188 31 2 16 188 31 2 16 0 0 0 0 20 0 98 1 0 0 0 0 32 0 2 0 0 0 0 0 10 255 254 255 42 254 255 24 25 26 27 0 0 0 0 0 0 0 0 0 0 0 0 0 
22:52:16:475	在54ms下
22:52:16:724	354	56
22:52:16:724	56 0 0 0 188 31 2 16 188 31 2 16 0 0 0 0 20 0 98 1 0 0 0 0 32 0 2 0 0 0 0 0 10 255 28 29 30 255 31 254 255 255 255 0 0 0 0 0 0 0 0 0 0 0 0 0 
22:52:17:224	354	56
22:52:17:224	56 0 0 0 188 31 2 16 188 31 2 16 0 0 0 0 20 0 98 1 0 0 0 0 32 0 2 0 0 0 0 0 10 255 255 255 255 255 255 255 255 255 255 0 0 0 0 0 0 0 0 0 0 0 0 0 
22:52:17:720	354	56
22:52:17:720	56 0 0 0 188 31 2 16 188 31 2 16 0 0 0 0 20 0 98 1 0 0 0 0 32 0 2 0 0 0 0 0 10 255 255 255 255 255 255 36 254 255 38 0 0 0 0 0 0 0 0 0 0 1 0 0 
22:52:18:218	354	56
22:52:18:218	56 0 0 0 188 31 2 16 188 31 2 16 0 0 0 0 20 0 98 1 0 0 0 0 32 0 2 0 0 0 0 0 10 37 40 41 255 39 43 254 255 255 42 0 0 0 0 0 0 0 0 0 0 0 0 0 
22:52:18:714	354	56
22:52:18:714	56 0 0 0 188 31 2 16 188 31 2 16 0 0 0 0 20 0 98 1 0 0 0 0 32 0 2 0 0 0 0 0 10 254 24 25 255 26 27 28 29 255 30 0 0 0 0 0 0 0 0 0 0 0 0 0 
22:52:18:714	在53ms下
22:52:19:076	838	64
22:52:19:226	线程 28724 已退出，返回值为 0 (0x0)。
22:52:19:473	354	56
22:52:19:473	56 0 0 0 188 31 2 16 188 31 2 16 0 0 0 0 20 0 98 1 0 0 0 0 32 0 2 0 0 0 0 0 10 31 254 255 255 255 255 255 255 255 255 0 0 0 0 0 0 0 0 0 0 0 0 0 
22:52:19:969	354	56
22:52:19:969	56 0 0 0 188 31 2 16 188 31 2 16 0 0 0 0 20 0 98 1 0 0 0 0 32 0 2 0 0 0 0 0 10 255 255 255 255 255 255 255 255 255 255 0 0 0 0 0 0 0 0 0 0 0 0 0 
22:52:20:217	354	56
22:52:20:217	56 0 0 0 188 31 2 16 188 31 2 16 0 0 0 0 20 0 98 1 0 0 0 0 32 0 2 0 0 0 0 0 10 255 36 255 254 38 37 40 255 41 39 0 0 0 0 0 0 0 0 0 0 0 0 0 
22:52:20:717	354	56
22:52:20:717	56 0 0 0 188 31 2 16 188 31 2 16 0 0 0 0 20 0 98 1 0 0 0 0 32 0 2 0 0 0 0 0 10 43 254 255 255 42 254 24 255 25 26 0 0 0 0 0 0 0 0 0 0 0 0 0 
22:52:20:964	在52ms下
22:52:21:215	354	56
22:52:21:215	56 0 0 0 188 31 2 16 188 31 2 16 0 0 0 0 20 0 98 1 0 0 0 0 32 0 2 0 0 0 0 0 10 27 28 255 29 30 31 254 255 255 255 0 0 0 0 0 0 0 0 0 0 0 0 0 
22:52:21:743	354	56
22:52:21:743	56 0 0 0 188 31 2 16 188 31 2 16 0 0 0 0 20 0 98 1 0 0 0 0 32 0 2 0 0 0 0 0 10 255 255 255 255 255 255 255 255 255 255 0 0 0 0 0 0 0 0 0 0 0 0 0 
22:52:22:234	354	56
22:52:22:234	56 0 0 0 188 31 2 16 188 31 2 16 0 0 0 0 20 0 98 1 0 0 0 0 32 0 2 0 0 0 0 0 10 255 255 255 255 255 255 36 255 254 38 0 0 0 0 0 0 0 0 0 0 0 0 0 
22:52:22:732	354	56
22:52:22:732	56 0 0 0 188 31 2 16 188 31 2 16 0 0 0 0 20 0 98 1 0 0 0 0 32 0 2 0 0 0 0 0 10 37 40 255 41 39 43 254 255 255 42 0 0 0 0 0 0 0 0 0 0 0 0 0 
22:52:23:230	在51ms下
22:52:23:480	354	56
22:52:23:480	56 0 0 0 188 31 2 16 188 31 2 16 0 0 0 0 20 0 98 1 0 0 0 0 32 0 2 0 0 0 0 0 10 254 24 255 25 26 27 28 255 29 30 0 0 0 0 0 0 0 0 0 0 0 0 0 
22:52:23:743	354	56
22:52:23:743	56 0 0 0 188 31 2 16 188 31 2 16 0 0 0 0 20 0 98 1 0 0 0 0 32 0 2 0 0 0 0 0 10 31 255 254 255 255 255 255 255 255 255 0 0 0 0 0 0 0 0 0 0 0 0 0 
22:52:24:241	354	56
22:52:24:241	56 0 0 0 188 31 2 16 188 31 2 16 0 0 0 0 20 0 98 1 0 0 0 0 32 0 2 0 0 0 0 0 10 255 255 255 255 255 255 255 255 255 255 0 0 0 0 0 0 0 0 0 0 0 0 0 
22:52:24:734	354	56
22:52:24:734	56 0 0 0 188 31 2 16 188 31 2 16 0 0 0 0 20 0 98 1 0 0 0 0 32 0 2 0 0 0 0 0 10 255 255 36 254 38 37 255 40 41 39 0 0 0 0 0 0 0 0 0 0 0 0 0 
22:52:25:243	354	56
22:52:25:243	56 0 0 0 188 31 2 16 188 31 2 16 0 0 0 0 20 0 98 1 0 0 0 0 32 0 2 0 0 0 0 0 10 43 255 254 255 42 254 255 24 25 26 0 0 0 0 0 0 0 0 0 0 0 0 0 
22:52:25:492	在50ms下
22:52:25:740	354	56
22:52:25:740	56 0 0 0 188 31 2 16 188 31 2 16 0 0 0 0 20 0 98 1 0 0 0 0 32 0 2 0 0 0 0 0 10 27 255 28 29 30 255 31 254 255 255 0 0 0 0 0 0 0 0 0 0 0 0 0 
22:52:26:235	354	56
22:52:26:235	56 0 0 0 188 31 2 16 188 31 2 16 0 0 0 0 20 0 98 1 0 0 0 0 32 0 2 0 0 0 0 0 10 255 255 255 255 255 255 255 255 255 255 0 0 0 0 0 0 0 0 0 0 0 0 0 
22:52:26:734	354	56
22:52:26:734	56 0 0 0 188 31 2 16 188 31 2 16 0 0 0 0 20 0 98 1 0 0 0 0 32 0 2 0 0 0 0 0 10 255 255 255 255 255 255 255 36 254 38 0 0 0 0 0 0 0 0 0 0 0 0 0 
22:52:27:233	354	56
22:52:27:233	56 0 0 0 188 31 2 16 188 31 2 16 0 0 0 0 20 0 98 1 0 0 0 0 32 0 2 0 0 0 0 0 10 255 37 40 41 39 255 43 254 255 255 0 0 0 0 0 0 0 0 0 0 0 0 0 
22:52:27:733	354	56
22:52:27:733	56 0 0 0 188 31 2 16 188 31 2 16 0 0 0 0 20 0 98 1 0 0 0 0 32 0 2 0 0 0 0 0 10 42 254 24 25 26 255 27 28 29 255 0 0 0 0 0 0 0 0 0 0 0 0 0 
22:52:27:733	在49ms下
22:52:28:231	354	56
22:52:28:231	56 0 0 0 188 31 2 16 188 31 2 16 0 0 0 0 20 0 98 1 0 0 0 0 32 0 2 0 0 0 0 0 10 30 31 254 255 255 255 255 255 255 255 0 0 0 0 0 0 0 0 0 0 0 0 0 
22:52:28:741	354	56
22:52:28:741	56 0 0 0 188 31 2 16 188 31 2 16 0 0 0 0 20 0 98 1 0 0 0 0 32 0 2 0 0 0 0 0 10 255 255 255 255 255 255 255 255 255 255 0 0 0 0 0 0 0 0 0 0 0 0 0 
22:52:29:237	838	64
22:52:29:483	354	56
22:52:29:483	56 0 0 0 188 31 2 16 188 31 2 16 0 0 0 0 20 0 98 1 0 0 0 0 32 0 2 0 0 0 0 0 10 255 255 36 254 255 38 37 40 41 255 0 0 0 0 0 0 0 0 0 0 0 0 0 
22:52:29:983	354	56
22:52:29:983	56 0 0 0 188 31 2 16 188 31 2 16 0 0 0 0 20 0 98 1 0 0 0 0 32 0 2 0 0 0 0 0 10 39 43 254 255 255 42 254 24 25 26 0 0 0 0 0 0 0 0 0 0 0 0 0 
22:52:29:983	在48ms下
22:52:30:231	354	56
22:52:30:231	56 0 0 0 188 31 2 16 188 31 2 16 0 0 0 0 20 0 98 1 0 0 0 0 32 0 2 0 0 0 0 0 10 255 27 28 29 30 255 31 254 255 255 0 0 0 0 0 0 0 0 0 0 0 0 0 
22:52:30:739	354	56
22:52:30:739	56 0 0 0 188 31 2 16 188 31 2 16 0 0 0 0 20 0 98 1 0 0 0 0 32 0 2 0 0 0 0 0 10 255 255 255 255 255 255 255 255 255 255 0 0 0 0 0 0 0 0 0 0 0 0 0 
22:52:31:229	354	56
22:52:31:229	56 0 0 0 188 31 2 16 188 31 2 16 0 0 0 0 20 0 98 1 0 0 0 0 32 0 2 0 0 0 0 0 10 255 255 255 255 255 255 255 36 254 38 0 0 0 0 0 0 0 0 0 0 0 0 0 
22:52:31:732	354	56
22:52:31:732	56 0 0 0 188 31 2 16 188 31 2 16 0 0 0 0 20 0 98 1 0 0 0 0 32 0 2 0 0 0 0 0 10 255 37 40 41 39 43 255 254 255 42 0 0 0 0 0 0 0 0 0 0 0 0 0 
22:52:32:229	354	56
22:52:32:229	56 0 0 0 188 31 2 16 188 31 2 16 0 0 0 0 20 0 98 1 0 0 0 0 32 0 2 0 0 0 0 0 10 254 255 24 25 26 27 255 28 29 30 0 0 0 0 0 0 0 0 0 0 0 0 0 
22:52:32:229	在47ms下
22:52:32:738	354	56
22:52:32:738	56 0 0 0 188 31 2 16 188 31 2 16 0 0 0 0 20 0 98 1 0 0 0 0 32 0 2 0 0 0 0 0 10 31 255 254 255 255 255 255 255 255 255 0 0 0 0 0 0 0 0 0 0 0 0 0 
22:52:33:236	354	56
22:52:33:236	56 0 0 0 188 31 2 16 188 31 2 16 0 0 0 0 20 0 98 1 0 0 0 0 32 0 2 0 0 0 0 0 10 255 255 255 255 255 255 255 255 255 255 0 0 0 0 0 0 0 0 0 0 0 0 0 
22:52:33:737	354	56
22:52:33:737	56 0 0 0 188 31 2 16 188 31 2 16 0 0 0 0 20 0 98 1 0 0 0 0 32 0 2 0 0 0 0 0 10 255 255 36 254 38 37 40 41 39 43 0 0 0 0 0 0 0 0 0 0 0 0 0 
22:52:34:480	在46ms下
22:52:34:480	354	56
22:52:34:480	56 0 0 0 188 31 2 16 188 31 2 16 0 0 0 0 20 0 98 1 0 0 0 0 32 0 2 0 0 0 0 0 10 254 255 42 254 24 255 25 26 27 28 0 0 0 0 0 0 0 0 0 0 0 0 0 
22:52:34:743	354	56
22:52:34:743	56 0 0 0 188 31 2 16 188 31 2 16 0 0 0 0 20 0 98 1 0 0 0 0 32 0 2 0 0 0 0 0 10 29 30 31 254 255 255 255 255 255 255 0 0 0 0 0 0 0 0 0 0 0 0 0 
22:52:35:229	354	56
22:52:35:229	56 0 0 0 188 31 2 16 188 31 2 16 0 0 0 0 20 0 98 1 0 0 0 0 32 0 2 0 0 0 0 0 10 255 255 255 255 255 255 255 255 255 255 0 0 0 0 0 0 0 0 0 0 0 0 0 
22:52:35:743	354	56
22:52:35:743	56 0 0 0 188 31 2 16 188 31 2 16 0 0 0 0 20 0 98 1 0 0 0 0 32 0 2 0 0 0 0 0 10 255 255 255 255 36 254 38 37 40 41 0 0 0 0 0 0 0 0 0 0 0 0 0 
22:52:36:239	354	56
22:52:36:239	56 0 0 0 188 31 2 16 188 31 2 16 0 0 0 0 20 0 98 1 0 0 0 0 32 0 2 0 0 0 0 0 10 39 43 254 255 42 254 24 25 26 27 0 0 0 0 0 0 0 0 0 0 0 0 0 
22:52:36:488	在45ms下
22:52:36:736	354	56
22:52:36:736	56 0 0 0 188 31 2 16 188 31 2 16 0 0 0 0 20 0 98 1 0 0 0 0 32 0 2 0 0 0 0 0 10 28 29 30 31 254 255 255 255 255 255 0 0 0 0 0 0 0 0 0 0 0 0 0 
22:52:37:233	354	56
22:52:37:233	56 0 0 0 188 31 2 16 188 31 2 16 0 0 0 0 20 0 98 1 0 0 0 0 32 0 2 0 0 0 0 0 10 255 255 255 255 255 255 255 255 255 255 0 0 0 0 0 0 0 0 0 0 0 0 0 
22:52:37:735	354	56
22:52:37:735	56 0 0 0 188 31 2 16 188 31 2 16 0 0 0 0 20 0 98 1 0 0 0 0 32 0 2 0 0 0 0 0 10 255 255 255 255 36 254 38 37 40 41 0 0 0 0 0 0 0 0 0 0 0 0 0 
22:52:38:231	354	56
22:52:38:231	56 0 0 0 188 31 2 16 188 31 2 16 0 0 0 0 20 0 98 1 0 0 0 0 32 0 2 0 0 0 0 0 10 39 43 254 42 254 24 25 26 27 28 0 0 0 0 0 0 0 0 0 0 0 0 0 
22:52:38:481	在44ms下
22:52:38:731	354	56
22:52:38:731	56 0 0 0 188 31 2 16 188 31 2 16 0 0 0 0 20 0 98 1 0 0 0 0 32 0 2 0 0 0 0 0 10 29 30 31 254 255 255 255 255 255 255 0 0 0 0 0 0 0 0 0 0 0 0 0 
22:52:39:244	838	64
22:52:39:493	354	56
22:52:39:493	56 0 0 0 188 31 2 16 188 31 2 16 0 0 0 0 20 0 98 1 0 0 0 0 32 0 2 0 0 0 0 0 10 255 255 255 255 255 255 255 255 255 255 0 0 0 0 0 0 0 0 0 0 0 0 0 
22:52:39:990	354	56
22:52:39:990	56 0 0 0 188 31 2 16 188 31 2 16 0 0 0 0 20 0 98 1 0 0 0 0 32 0 2 0 0 0 0 0 10 255 255 255 36 254 38 37 40 41 39 0 0 0 0 0 0 0 0 0 0 1 0 0 
22:52:40:238	354	56
22:52:40:238	56 0 0 0 188 31 2 16 188 31 2 16 0 0 0 0 20 0 98 1 0 0 0 0 32 0 2 0 0 0 0 0 10 43 254 42 254 24 25 26 27 28 29 0 0 0 0 0 0 0 0 0 0 0 0 0 
22:52:40:238	在43ms下
22:52:40:735	354	56
22:52:40:735	56 0 0 0 188 31 2 16 188 31 2 16 0 0 0 0 20 0 98 1 0 0 0 0 32 0 2 0 0 0 0 0 10 30 31 254 255 255 255 255 255 255 255 0 0 0 0 0 0 0 0 0 0 0 0 0 
22:52:41:231	354	56
22:52:41:231	56 0 0 0 188 31 2 16 188 31 2 16 0 0 0 0 20 0 98 1 0 0 0 0 32 0 2 0 0 0 0 0 10 255 255 255 255 255 255 255 255 255 255 0 0 0 0 0 0 0 0 0 0 0 0 0 
22:52:41:732	354	56
22:52:41:732	56 0 0 0 188 31 2 16 188 31 2 16 0 0 0 0 20 0 98 1 0 0 0 0 32 0 2 0 0 0 0 0 10 255 255 36 38 37 40 41 39 43 254 0 0 0 0 0 0 0 0 0 0 0 0 0 
22:52:42:242	354	56
22:52:42:242	56 0 0 0 188 31 2 16 188 31 2 16 0 0 0 0 20 0 98 1 0 0 0 0 32 0 2 0 0 0 0 0 10 255 42 254 24 25 26 27 28 29 30 0 0 0 0 0 0 0 0 0 0 0 0 0 
22:52:42:242	在42ms下
22:52:42:738	354	56
22:52:42:738	56 0 0 0 188 31 2 16 188 31 2 16 0 0 0 0 20 0 98 1 0 0 0 0 32 0 2 0 0 0 0 0 10 31 254 255 255 255 255 255 255 255 255 0 0 0 0 0 0 0 0 0 0 0 0 0 
22:52:43:237	354	56
22:52:43:237	56 0 0 0 188 31 2 16 188 31 2 16 0 0 0 0 20 0 98 1 0 0 0 0 32 0 2 0 0 0 0 0 10 255 255 255 255 255 255 255 255 255 255 0 0 0 0 0 0 0 0 0 0 0 0 0 
22:52:43:734	354	56
22:52:43:734	56 0 0 0 188 31 2 16 188 31 2 16 0 0 0 0 20 0 98 1 0 0 0 0 32 0 2 0 0 0 0 0 10 255 36 254 38 37 40 41 39 43 254 0 0 0 0 0 0 0 0 0 0 0 0 0 
22:52:44:236	354	56
22:52:44:236	56 0 0 0 188 31 2 16 188 31 2 16 0 0 0 0 20 0 98 1 0 0 0 0 32 0 2 0 0 0 0 0 10 42 254 24 25 26 27 28 29 30 31 0 0 0 0 0 0 0 0 0 0 0 0 0 
22:52:44:236	在41ms下
22:52:44:732	354	56
22:52:44:732	56 0 0 0 188 31 2 16 188 31 2 16 0 0 0 0 20 0 98 1 0 0 0 0 32 0 2 0 0 0 0 0 10 254 255 255 255 255 255 255 255 255 255 0 0 0 0 0 0 0 0 0 0 0 0 0 
22:52:45:479	354	56
22:52:45:479	56 0 0 0 188 31 2 16 188 31 2 16 0 0 0 0 20 0 98 1 0 0 0 0 32 0 2 0 0 0 0 0 10 255 255 255 255 255 255 255 255 255 255 0 0 0 0 0 0 0 0 0 0 0 0 0 
22:52:45:742	354	56
22:52:45:742	56 0 0 0 188 31 2 16 188 31 2 16 0 0 0 0 20 0 98 1 0 0 0 0 32 0 2 0 0 0 0 0 10 36 254 38 37 40 41 39 43 254 255 0 0 0 0 0 0 0 0 0 0 1 0 0 
22:52:46:237	在40ms下
22:52:46:237	354	56
22:52:46:237	56 0 0 0 188 31 2 16 188 31 2 16 0 0 0 0 20 0 98 1 0 0 0 0 32 0 2 0 0 0 0 0 10 42 254 24 25 26 27 28 29 30 31 0 0 0 0 0 0 0 0 0 0 0 0 0 
22:52:46:733	354	56
22:52:46:733	56 0 0 0 188 31 2 16 188 31 2 16 0 0 0 0 20 0 98 1 0 0 0 0 32 0 2 0 0 0 0 0 10 254 255 255 255 255 255 255 255 255 255 0 0 0 0 0 0 0 0 0 0 0 0 0 
22:52:47:232	354	56
22:52:47:232	56 0 0 0 188 31 2 16 188 31 2 16 0 0 0 0 20 0 98 1 0 0 0 0 32 0 2 0 0 0 0 0 10 255 255 255 255 255 255 255 255 255 255 0 0 0 0 0 0 0 0 0 0 0 0 0 
22:52:47:743	354	56
22:52:47:743	56 0 0 0 188 31 2 16 188 31 2 16 0 0 0 0 20 0 98 1 0 0 0 0 32 0 2 0 0 0 0 0 10 36 254 38 37 40 41 39 43 254 42 0 0 0 0 0 0 0 0 0 0 0 0 0 
22:52:48:236	在39ms下
22:52:48:236	354	56
22:52:48:236	56 0 0 0 188 31 2 16 188 31 2 16 0 0 0 0 20 0 98 1 0 0 0 0 32 0 2 0 0 0 0 0 10 254 24 25 26 27 28 29 30 31 254 0 0 0 0 0 0 0 0 0 0 0 0 0 
22:52:48:732	354	56
22:52:48:732	56 0 0 0 188 31 2 16 188 31 2 16 0 0 0 0 20 0 98 1 0 0 0 0 32 0 2 0 0 0 0 0 10 255 255 255 255 255 255 255 255 255 255 0 0 0 0 0 0 0 0 0 0 0 0 0 
22:52:49:230	838	64
22:52:49:493	354	56
22:52:49:493	56 0 0 0 188 31 2 16 188 31 2 16 0 0 0 0 20 0 98 1 0 0 0 0 32 0 2 0 0 0 0 0 10 255 255 255 255 255 255 255 255 255 36 0 0 0 0 0 0 0 0 0 0 0 0 0 
22:52:49:988	354	56
22:52:49:988	56 0 0 0 188 31 2 16 188 31 2 16 0 0 0 0 20 0 98 1 0 0 0 0 32 0 2 0 0 0 0 0 10 254 38 37 40 41 39 43 254 42 254 0 0 0 0 0 0 0 0 0 0 0 0 0 
22:52:50:238	在38ms下
22:52:50:238	354	56
22:52:50:238	56 0 0 0 188 31 2 16 188 31 2 16 0 0 0 0 20 0 98 1 0 0 0 0 32 0 2 0 0 0 0 0 10 24 25 26 27 28 29 30 31 254 255 0 0 0 0 0 0 0 0 0 0 0 0 0 
22:52:50:740	354	56
22:52:50:740	56 0 0 0 188 31 2 16 188 31 2 16 0 0 0 0 20 0 98 1 0 0 0 0 32 0 2 0 0 0 0 0 10 255 255 255 255 255 255 255 255 255 255 0 0 0 0 0 0 0 0 0 0 0 0 0 
22:52:51:237	354	56
22:52:51:237	56 0 0 0 188 31 2 16 188 31 2 16 0 0 0 0 20 0 98 1 0 0 0 0 32 0 2 0 0 0 0 0 10 255 255 255 255 255 255 255 255 36 254 0 0 0 0 0 0 0 0 0 0 0 0 0 
22:52:51:733	354	56
22:52:51:733	56 0 0 0 188 31 2 16 188 31 2 16 0 0 0 0 20 0 98 1 0 0 0 0 32 0 2 0 0 0 0 0 10 38 37 40 41 39 43 254 42 254 24 0 0 0 0 0 0 0 0 0 0 0 0 0 
22:52:51:980	在37ms下
22:52:52:240	354	56
22:52:52:240	56 0 0 0 188 31 2 16 188 31 2 16 0 0 0 0 20 0 98 1 0 0 0 0 32 0 2 0 0 0 0 0 10 25 26 27 28 29 30 31 254 255 255 0 0 0 0 0 0 0 0 0 0 1 0 0 
22:52:52:737	354	56
22:52:52:737	56 0 0 0 188 31 2 16 188 31 2 16 0 0 0 0 20 0 98 1 0 0 0 0 32 0 2 0 0 0 0 0 10 255 255 255 255 255 255 255 255 255 255 0 0 0 0 0 0 0 0 0 0 0 0 0 
22:52:53:233	354	56
22:52:53:233	56 0 0 0 188 31 2 16 188 31 2 16 0 0 0 0 20 0 98 1 0 0 0 0 32 0 2 0 0 0 0 0 10 255 255 255 255 255 255 255 36 38 37 0 0 0 0 0 0 0 0 0 0 0 0 0 
22:52:53:731	354	56
22:52:53:731	56 0 0 0 188 31 2 16 188 31 2 16 0 0 0 0 20 0 98 1 0 0 0 0 32 0 2 0 0 0 0 0 10 40 41 39 43 254 255 42 254 24 25 0 0 0 0 0 0 0 0 0 0 0 0 0 
22:52:53:991	在36ms下
22:52:54:239	354	56
22:52:54:239	56 0 0 0 188 31 2 16 188 31 2 16 0 0 0 0 20 0 98 1 0 0 0 0 32 0 2 0 0 0 0 0 10 26 27 28 29 30 31 254 255 255 255 0 0 0 0 0 0 0 0 0 0 0 0 0 
22:52:54:738	354	56
22:52:54:738	56 0 0 0 188 31 2 16 188 31 2 16 0 0 0 0 20 0 98 1 0 0 0 0 32 0 2 0 0 0 0 0 10 255 255 255 255 255 255 255 255 255 255 0 0 0 0 0 0 0 0 0 0 0 0 0 
22:52:55:236	354	56
22:52:55:236	56 0 0 0 188 31 2 16 188 31 2 16 0 0 0 0 20 0 98 1 0 0 0 0 32 0 2 0 0 0 0 0 10 255 255 255 255 255 255 36 254 38 37 0 0 0 0 0 0 0 0 0 0 0 0 0 
22:52:55:734	354	56
22:52:55:734	56 0 0 0 188 31 2 16 188 31 2 16 0 0 0 0 20 0 98 1 0 0 0 0 32 0 2 0 0 0 0 0 10 40 41 39 43 254 42 254 24 25 26 0 0 0 0 0 0 0 0 0 0 0 0 0 
22:52:55:982	在35ms下
22:52:56:481	354	56
22:52:56:481	56 0 0 0 188 31 2 16 188 31 2 16 0 0 0 0 20 0 98 1 0 0 0 0 32 0 2 0 0 0 0 0 10 27 28 29 30 31 254 255 255 255 255 0 0 0 0 0 0 0 0 0 0 0 0 0 
22:52:56:744	354	56
22:52:56:744	56 0 0 0 188 31 2 16 188 31 2 16 0 0 0 0 20 0 98 1 0 0 0 0 32 0 2 0 0 0 0 0 10 255 255 255 255 255 255 255 255 255 255 0 0 0 0 0 0 0 0 0 0 0 0 0 
22:52:57:245	354	56
22:52:57:245	56 0 0 0 188 31 2 16 188 31 2 16 0 0 0 0 20 0 98 1 0 0 0 0 32 0 2 0 0 0 0 0 10 255 255 255 255 255 36 254 38 37 40 0 0 0 0 0 0 0 0 0 0 0 0 0 
22:52:57:757	354	56
22:52:57:757	56 0 0 0 188 31 2 16 188 31 2 16 0 0 0 0 20 0 98 1 0 0 0 0 32 0 2 0 0 0 0 0 10 41 39 43 254 42 254 24 25 26 27 0 0 0 0 0 0 0 0 0 0 0 0 0 
22:52:58:005	在34ms下
22:52:58:254	354	56
22:52:58:254	56 0 0 0 188 31 2 16 188 31 2 16 0 0 0 0 20 0 98 1 0 0 0 0 32 0 2 0 0 0 0 0 10 28 29 30 31 254 255 255 255 255 255 0 0 0 0 0 0 0 0 0 0 1 0 0 
22:52:58:753	354	56
22:52:58:753	56 0 0 0 188 31 2 16 188 31 2 16 0 0 0 0 20 0 98 1 0 0 0 0 32 0 2 0 0 0 0 0 10 255 255 255 255 255 255 255 255 255 255 0 0 0 0 0 0 0 0 0 0 0 0 0 
22:52:59:252	838	64
22:52:59:501	354	56
22:52:59:501	56 0 0 0 188 31 2 16 188 31 2 16 0 0 0 0 20 0 98 1 0 0 0 0 32 0 2 0 0 0 0 0 10 255 255 255 255 36 254 38 37 40 41 0 0 0 0 0 0 0 0 0 0 0 0 0 
22:52:59:749	354	56
22:52:59:749	56 0 0 0 188 31 2 16 188 31 2 16 0 0 0 0 20 0 98 1 0 0 0 0 32 0 2 0 0 0 0 0 10 39 43 254 255 42 24 25 26 27 28 0 0 0 0 0 0 0 0 0 0 0 0 0 
22:52:59:997	在33ms下
22:53:00:247	354	56
22:53:00:247	56 0 0 0 188 31 2 16 188 31 2 16 0 0 0 0 20 0 98 1 0 0 0 0 32 0 2 0 0 0 0 0 10 29 30 31 254 255 255 255 255 255 255 0 0 0 0 0 0 0 0 0 0 0 0 0 
22:53:00:758	354	56
22:53:00:758	56 0 0 0 188 31 2 16 188 31 2 16 0 0 0 0 20 0 98 1 0 0 0 0 32 0 2 0 0 0 0 0 10 255 255 255 255 255 255 255 255 255 255 0 0 0 0 0 0 0 0 0 0 0 0 0 
22:53:01:251	354	56
22:53:01:251	56 0 0 0 188 31 2 16 188 31 2 16 0 0 0 0 20 0 98 1 0 0 0 0 32 0 2 0 0 0 0 0 10 255 255 255 36 254 38 37 40 41 39 0 0 0 0 0 0 0 0 0 0 0 0 0 
22:53:01:748	354	56
22:53:01:748	56 0 0 0 188 31 2 16 188 31 2 16 0 0 0 0 20 0 98 1 0 0 0 0 32 0 2 0 0 0 0 0 10 43 254 42 254 24 25 26 27 28 29 0 0 0 0 0 0 0 0 0 0 0 0 0 
22:53:01:748	在32ms下
22:53:02:245	354	56
22:53:02:245	56 0 0 0 188 31 2 16 188 31 2 16 0 0 0 0 20 0 98 1 0 0 0 0 32 0 2 0 0 0 0 0 10 30 31 254 255 255 255 255 255 255 255 0 0 0 0 0 0 0 0 0 0 0 0 0 
22:53:02:758	354	56
22:53:02:758	56 0 0 0 188 31 2 16 188 31 2 16 0 0 0 0 20 0 98 1 0 0 0 0 32 0 2 0 0 0 0 0 10 255 255 255 255 255 255 255 255 255 255 0 0 0 0 0 0 0 0 0 0 0 0 0 
22:53:03:258	354	56
22:53:03:258	56 0 0 0 188 31 2 16 188 31 2 16 0 0 0 0 20 0 98 1 0 0 0 0 32 0 2 0 0 0 0 0 10 255 255 36 38 37 40 41 39 43 254 0 0 0 0 0 0 0 0 0 0 0 0 0 
22:53:03:753	在31ms下
22:53:03:753	354	56
22:53:03:753	56 0 0 0 188 31 2 16 188 31 2 16 0 0 0 0 20 0 98 1 0 0 0 0 32 0 2 0 0 0 0 0 10 42 254 24 25 26 27 28 29 30 31 0 0 0 0 0 0 0 0 0 0 0 0 0 
22:53:04:252	354	56
22:53:04:252	56 0 0 0 188 31 2 16 188 31 2 16 0 0 0 0 20 0 98 1 0 0 0 0 32 0 2 0 0 0 0 0 10 254 255 255 255 255 255 255 255 255 255 0 0 0 0 0 0 0 0 0 0 1 0 0 
22:53:04:759	354	56
22:53:04:759	56 0 0 0 188 31 2 16 188 31 2 16 0 0 0 0 20 0 98 1 0 0 0 0 32 0 2 0 0 0 0 0 10 255 255 255 255 255 255 255 255 255 36 0 0 0 0 0 0 0 0 0 0 0 0 0 
22:53:05:255	354	56
22:53:05:255	56 0 0 0 188 31 2 16 188 31 2 16 0 0 0 0 20 0 98 1 0 0 0 0 32 0 2 0 0 0 0 0 10 38 37 40 41 39 43 42 254 24 25 0 0 0 0 0 0 0 0 0 0 0 0 0 
22:53:05:504	在30ms下
22:53:05:753	354	56
22:53:05:753	56 0 0 0 188 31 2 16 188 31 2 16 0 0 0 0 20 0 98 1 0 0 0 0 32 0 2 0 0 0 0 0 10 26 27 28 29 30 31 254 255 255 255 0 0 0 0 0 0 0 0 0 0 0 0 0 
22:53:06:249	354	56
22:53:06:249	56 0 0 0 188 31 2 16 188 31 2 16 0 0 0 0 20 0 98 1 0 0 0 0 32 0 2 0 0 0 0 0 10 255 255 255 255 255 255 255 255 255 255 0 0 0 0 0 0 0 0 0 0 0 0 0 
22:53:06:749	354	56
22:53:06:749	56 0 0 0 188 31 2 16 188 31 2 16 0 0 0 0 20 0 98 1 0 0 0 0 32 0 2 0 0 0 0 0 10 255 255 255 255 36 38 37 40 41 39 0 0 0 0 0 0 0 0 0 0 0 0 0 
22:53:06:996	在29ms下
22:53:07:503	354	56
22:53:07:503	56 0 0 0 188 31 2 16 188 31 2 16 0 0 0 0 20 0 98 1 0 0 0 0 32 0 2 0 0 0 0 0 10 43 42 24 25 26 27 28 29 30 31 0 0 0 0 0 0 0 0 0 0 0 0 0 
22:53:07:750	354	56
22:53:07:750	56 0 0 0 188 31 2 16 188 31 2 16 0 0 0 0 20 0 98 1 0 0 0 0 32 0 2 0 0 0 0 0 10 254 255 255 255 255 255 255 255 255 255 0 0 0 0 0 0 0 0 0 0 0 0 0 
22:53:08:247	354	56
22:53:08:247	56 0 0 0 188 31 2 16 188 31 2 16 0 0 0 0 20 0 98 1 0 0 0 0 32 0 2 0 0 0 0 0 10 255 255 255 255 255 255 36 254 38 37 0 0 0 0 0 0 0 0 0 0 0 0 0 
22:53:08:747	在28ms下
22:53:08:747	354	56
22:53:08:747	56 0 0 0 188 31 2 16 188 31 2 16 0 0 0 0 20 0 98 1 0 0 0 0 32 0 2 0 0 0 0 0 10 40 41 39 43 42 24 25 26 27 28 0 0 0 0 0 0 0 0 0 0 0 0 0 
22:53:09:248	838	64
22:53:09:494	354	56
22:53:09:494	56 0 0 0 188 31 2 16 188 31 2 16 0 0 0 0 20 0 98 1 0 0 0 0 32 0 2 0 0 0 0 0 10 29 30 31 254 255 255 255 255 255 255 0 0 0 0 0 0 0 0 0 0 1 0 0 
22:53:09:758	354	56
22:53:09:758	56 0 0 0 188 31 2 16 188 31 2 16 0 0 0 0 20 0 98 1 0 0 0 0 32 0 2 0 0 0 0 0 10 255 255 255 255 255 255 255 255 255 36 0 0 0 0 0 0 0 0 0 0 0 0 0 
22:53:10:025	引发的异常:“System.Threading.Tasks.TaskCanceledException”(位于 mscorlib.dll 中)
22:53:10:025	已取消一个任务。
22:53:10:025	
22:53:11:500	354	56
22:53:11:500	56 0 0 0 188 31 2 16 188 31 2 16 0 0 0 0 20 0 98 1 0 0 0 0 32 0 2 0 0 0 0 0 10 38 37 40 41 39 254 43 255 255 255 0 0 0 0 0 0 0 0 0 0 0 0 0 
22:53:11:500	354	56
22:53:11:500	56 0 0 0 188 31 2 16 188 31 2 16 0 0 0 0 20 0 98 1 0 0 0 0 32 0 2 0 0 0 0 0 10 255 255 255 255 255 255 255 255 255 255 0 0 0 0 0 0 0 0 0 0 0 0 0 
22:53:11:500	354	56
22:53:11:500	56 0 0 0 188 31 2 16 188 31 2 16 0 0 0 0 20 0 98 1 0 0 0 0 32 0 2 0 0 0 0 0 10 255 255 255 255 255 255 255 255 255 255 0 0 0 0 0 0 0 0 0 0 0 0 0 
22:53:11:750	354	56
22:53:11:750	56 0 0 0 188 31 2 16 188 31 2 16 0 0 0 0 20 0 98 1 0 0 0 0 32 0 2 0 0 0 0 0 10 255 255 255 255 255 255 255 255 255 255 0 0 0 0 0 0 0 0 0 0 0 0 0 
22:53:12:253	354	56
22:53:12:253	56 0 0 0 188 31 2 16 188 31 2 16 0 0 0 0 20 0 98 1 0 0 0 0 32 0 2 0 0 0 0 0 10 255 255 255 255 255 255 255 255 255 255 0 0 0 0 0 0 0 0 0 0 0 0 0 
22:53:12:749	354	56
22:53:12:749	56 0 0 0 188 31 2 16 188 31 2 16 0 0 0 0 20 0 98 1 0 0 0 0 32 0 2 0 0 0 0 0 10 255 255 255 255 255 255 255 255 255 255 0 0 0 0 0 0 0 0 0 0 0 0 0 
22:53:15:498	程序“[7072] Daigassou.exe”已退出，返回值为 4294967295 (0xffffffff)。
